.0032331127660944455
.007222076843690665
.007222076843690665
.008848013772427268
.00196043441517179
.009852898057950104
.007222076843690665
.005264894019049894
.007222076843690665
.007222076843690665
.007222076843690665
.0026687868306249406
.0045912556294312274
.0045912556294312274
.007222076843690665
.0045912556294312274
.006499378934769715
.007222076843690665
.0045912556294312274
.00392859488398703
.007222076843690665
.008848013772427268
.0045912556294312274
.0045912556294312274
.0045912556294312274
.0029653187006946254
.007222076843690665
.009852898057950104
.0029653187006946254
.005504923144362223
.003308336226573557
.007222076843690665
.0026687868306249406
.0029653187006946254
.008848013772427268
.007222076843690665
.004113804989619744
.0045912556294312274
.0045912556294312274
.003954715029703686
.007944284528059953
.0045912556294312274
.0045912556294312274
.0029653187006946254
.008848013772427268
.008848013772427268
.007944284528059953
.007222076843690665
.004132130066487882
.008848013772427268
.0029653187006946254
.0045912556294312274
.007222076843690665
.0050503811923745725
.00326185057076431
.0026687868306249406
.003933136022075635
.009732815149670216
.004132130066487882
.005849882243389017
.007222076843690665
.008848013772427268
.0045912556294312274
.007222076843690665
.0029653187006946254
.007222076843690665
.0029653187006946254
.0064998691593213765
.0045912556294312274
.007222076843690665
.0026687868306249406
.0057575867112626775
.003711101246962126
.008848013772427268
.0029653187006946254
.008848013772427268
.0045912556294312274
.007222076843690665
.0064998691593213765
.007944284528059953
.005264894019049894
.007944284528059953
.007222076843690665
.0045912556294312274
.00326185057076431
.0064998691593213765
.0026687868306249406
.007222076843690665
.005477450071046317
.002344266057480859
.0045912556294312274
.007222076843690665
.0045912556294312274
.0050503811923745725
.0045912556294312274
.0045912556294312274
.00326185057076431
.0045912556294312274
.007222076843690665
.007944284528059953
.008848013772427268
.007222076843690665
.007222076843690665
.004030361699326185
.002344266057480859
.007222076843690665
.0025731459543260637
.007222076843690665
.0045912556294312274
.0045912556294312274
.003718917059838872
.0029653187006946254
.007222076843690665
.007222076843690665
.007222076843690665
.007222076843690665
.005596139914954063
.0036465590976297807
.007222076843690665
.0029653187006946254
.005247021791403947
.007944284528059953
.0045912556294312274
.0029653187006946254
.006067211514298642
.008848013772427268
.0045912556294312274
.0050503811923745725
.007222076843690665
.007222076843690665
.007222076843690665
.007222076843690665
.0045912556294312274
.0064998691593213765
.007222076843690665
.0050503811923745725
.007944284528059953
.0045912556294312274
.0064998691593213765
.003930070711029969
.007222076843690665
.007222076843690665
.0045912556294312274
.0045912556294312274
.007222076843690665
.008848013772427268
.007222076843690665
.0064998691593213765
.0029653187006946254
.0029653187006946254
.007944284528059953
.008848013772427268
.0026687868306249406
.008848013772427268
.0050503811923745725
.003559895954484194
.007222076843690665
.007944284528059953
.007222076843690665
.0034226939963879783
.0045912556294312274
.008848013772427268
.007222076843690665
.0026371934284549637
.0029653187006946254
.007222076843690665
.0050503811923745725
.007222076843690665
.0036864477832145447
.004132130066487882
.007222076843690665
.007944284528059953
.0045912556294312274
.0026687868306249406
.0029653187006946254
.0045912556294312274
.007222076843690665
.0050503811923745725
.0045912556294312274
.007222076843690665
.0051205040994289725
.0045912556294312274
.007944284528059953
.007222076843690665
.00196043441517179
.007222076843690665
.0013393817719580233
.0024019081475622245
.0045912556294312274
.0045912556294312274
.0055645823308209654
.005477680883324446
.0045912556294312274
.00196043441517179
.005902778870079452
.0029653187006946254
.00196043441517179
.0050503811923745725
.007222076843690665
.0045912556294312274
.0045912556294312274
.0045912556294312274
.003586371343908392
.0050503811923745725
.0029653187006946254
.0033470253538547628
.0029653187006946254
.0064998691593213765
.008848013772427268
.007222076843690665
.007944284528059953
.0029653187006946254
.007222076843690665
.0039734240626246985
.007944284528059953
.00196043441517179
.0029653187006946254
.006347957268828018
.0064998691593213765
.002585949281614243
.0050503811923745725
.004132130066487882
.006156778705550059
.0051054532477389026
.0026687868306249406
.0045912556294312274
.0026687868306249406
.007944284528059953
.0029653187006946254
.0029653187006946254
.008848013772427268
.0033799780709949465
.004132130066487882
.008848013772427268
.0022697141177772267
.0045912556294312274
.0045912556294312274
.0013393817719580233
.0045912556294312274
.006213753812116316
.007222076843690665
.0050503811923745725
.007222076843690665
.0050503811923745725
.0029653187006946254
.0045912556294312274
.0045912556294312274
.007222076843690665
.0050503811923745725
.007222076843690665
.0064998691593213765
.0063756891273425015
.007222076843690665
.007222076843690665
.0045912556294312274
.0064998691593213765
.006497544074794114
.009852898057950104
.007222076843690665
.0045912556294312274
.0045912556294312274
.0017951409199768592
.007222076843690665
.005264894019049894
.007944284528059953
.008848013772427268
.0029653187006946254
.0029653187006946254
.0050503811923745725
.00196043441517179
.0029653187006946254
.002562469319088957
.009852898057950104
.008848013772427268
.007944284528059953
.004132130066487882
.0009555501296489539
.007222076843690665
.007222076843690665
.004132130066487882
.003586371343908392
.0029653187006946254
.0045912556294312274
.007222076843690665
.0029653187006946254
.00196043441517179
.004132130066487882
.0014733199491540477
.008848013772427268
.0029653187006946254
.007222076843690665
.0029653187006946254
.007222076843690665
.0064998691593213765
.0045912556294312274
.0040637424941101065
.0029653187006946254
.008848013772427268
.0050503811923745725
.0032749320424759467
.0029653187006946254
.00196043441517179
.009732815149670216
.0064998691593213765
.007222076843690665
.00196043441517179
.0064998691593213765
.0045912556294312274
.00326185057076431
.0050503811923745725
.007222076843690665
.0029653187006946254
.007222076843690665
.008848013772427268
.009852898057950104
.0045912556294312274
.0050503811923745725
.0045912556294312274
.0055554193116122514
.002344266057480859
.007222076843690665
.007222076843690665
.00196043441517179
.005849882243389017
.007222076843690665
.0045912556294312274
.008848013772427268
.0045912556294312274
.0023260465368388594
.007222076843690665
.003520076113561639
.005172344120850623
.007222076843690665
.0045912556294312274
.0045912556294312274
.007222076843690665
.0064998691593213765
.008848013772427268
.009852898057950104
.008848013772427268
.00411785108691304
.007222076843690665
.007222076843690665
.006399481209048569
.0045912556294312274
.007222076843690665
.007222076843690665
.0064998691593213765
.004132130066487882
.007222076843690665
.007222076843690665
.00196043441517179
.005849882243389017
.0035269306961995214
.009852898057950104
.007222076843690665
.008848013772427268
.0045912556294312274
.0064998691593213765
.007222076843690665
.0045912556294312274
.007222076843690665
.004126408087250702
.0045912556294312274
.0045912556294312274
.0064998691593213765
.008848013772427268
.0026687868306249406
.007222076843690665
.0064998691593213765
.0045912556294312274
.005264894019049894
.0045912556294312274
.009852898057950104
.006079897280473519
.0029653187006946254
.007222076843690665
.006166422967266417
.007222076843690665
.0034906742781015522
.0045912556294312274
.00196043441517179
.005264894019049894
.0033470253538547628
.007944284528059953
.003971231570254721
.005775027388573233
.0029653187006946254
.005849882243389017
.0045912556294312274
.0045912556294312274
.004060978997585665
.0045912556294312274
.0023424730890504687
.004132130066487882
.0045912556294312274
.008848013772427268
.0064998691593213765
.0029653187006946254
.0050503811923745725
.007222076843690665
.005448506429123155
.008848013772427268
.005596139914954063
.003406176377937395
.0045912556294312274
.0029653187006946254
.0029653187006946254
.007222076843690665
.007222076843690665
.008848013772427268
.004132130066487882
.0029653187006946254
.004079231562314288
.006325853919476528
.0050503811923745725
.009852898057950104
.007222076843690665
.0029653187006946254
.0012054435947619988
.004132130066487882
.007222076843690665
.0050503811923745725
.0045912556294312274
.0045912556294312274
.0029653187006946254
.0064998691593213765
.007222076843690665
.007222076843690665
.00196043441517179
.0036910220140639015
.0050503811923745725
.0029653187006946254
.0045912556294312274
.003586371343908392
.005595473302350824
.0055554193116122514
.0045912556294312274
.0029653187006946254
.0064998691593213765
.007222076843690665
.005596139914954063
.008848013772427268
.007944284528059953
.0045912556294312274
.007944284528059953
.005077485526090319
.007222076843690665
.004132130066487882
.0035512530238382303
.007944284528059953
.0045912556294312274
.007944284528059953
.0029653187006946254
.007222076843690665
.0029653187006946254
.0026687868306249406
.007222076843690665
.0029653187006946254
.0045912556294312274
.007222076843690665
.0050503811923745725
.0045912556294312274
.005198722729573588
.007222076843690665
.004132130066487882
.009852898057950104
.004132130066487882
.0029653187006946254
.004132130066487882
.0029653187006946254
.006206673730049131
.005849882243389017
.007222076843690665
.0026540365248092558
.0029653187006946254
.007222076843690665
.008848013772427268
.007222076843690665
.0055554193116122514
.005208199034687097
.005849882243389017
.0064998691593213765
.0045912556294312274
.007222076843690665
.0035625656893822615
.007222076843690665
.00350314740246765
.007222076843690665
.00588427427920611
.007222076843690665
.008848013772427268
.001970853433305326
.004132130066487882
.005742753886008179
.007222076843690665
.0045912556294312274
.007222076843690665
.0029653187006946254
.0045912556294312274
.007222076843690665
.004132130066487882
.0045912556294312274
.008848013772427268
.0029653187006946254
.0045912556294312274
.0036302139809036385
.0045912556294312274
.007222076843690665
.0064998691593213765
.0050503811923745725
.0064998691593213765
.0029653187006946254
.0062171925581678295
.0045912556294312274
.007944284528059953
.0029653187006946254
.003341282510232554
.004115455322185669
.007222076843690665
.0045912556294312274
.007222076843690665
.007944284528059953
.0050503811923745725
.007222076843690665
.00196043441517179
.009852898057950104
.007222076843690665
.0045912556294312274
.0045912556294312274
.0064998691593213765
.00196043441517179
.0064998691593213765
.00395298733395597
.005264894019049894
.005596139914954063
.007944284528059953
.007944284528059953
.007222076843690665
.005301882035481923
.0029653187006946254
.0045912556294312274
.003766372786459306
.00196043441517179
.0060824230039683005
.007222076843690665
.0013393817719580233
.007222076843690665
.0045912556294312274
.0035491788339121473
.0045912556294312274
.007222076843690665
.0045912556294312274
.0045912556294312274
.002156477856689191
.007222076843690665
.0029653187006946254
.00326185057076431
.007222076843690665
.007222076843690665
.0034684854427801236
.002590462093115685
.007222076843690665
.007944284528059953
.0063092001637456855
.0026687868306249406
.0050503811923745725
.008848013772427268
.0045912556294312274
.004132130066487882
.0045912556294312274
.003718917059838872
.007222076843690665
.007222076843690665
.0045912556294312274
.007222076843690665
.0045912556294312274
.004132130066487882
.008848013772427268
.0029653187006946254
.0035090598465020665
.0036864477832145447
.007222076843690665
.0032971530778073605
.008848013772427268
.008848013772427268
.0029653187006946254
.006235811039547494
.0029653187006946254
.007944284528059953
.0029653187006946254
.007222076843690665
.007222076843690665
.004132130066487882
.0029653187006946254
.007222076843690665
.007944284528059953
.0045912556294312274
.007222076843690665
.007222076843690665
.007222076843690665
.0036429849285586763
.0045912556294312274
.0045912556294312274
.007222076843690665
.008848013772427268
.0045912556294312274
.0045912556294312274
.0029653187006946254
.008848013772427268
.0045912556294312274
.0045912556294312274
.008848013772427268
.0029653187006946254
.0050503811923745725
.004132130066487882
.007222076843690665
.007222076843690665
.0045912556294312274
.0054906365412599025
.008848013772427268
.008848013772427268
.007222076843690665
.007222076843690665
.006467884629752899
.0064998691593213765
.0045912556294312274
.0029653187006946254
.0050503811923745725
.008848013772427268
.0029653187006946254
.003515920108072407
.0045912556294312274
.007222076843690665
.0035382316098790745
.0060644617488378565
.00196043441517179
.003965477465012031
.007222076843690665
.00326185057076431
.007944284528059953
.008848013772427268
.007222076843690665
.007222076843690665
.007222076843690665
.008848013772427268
.0023522213451635933
.007222076843690665
.0045912556294312274
.0045912556294312274
.0045912556294312274
.0045912556294312274
.007222076843690665
.004004299681344599
.008848013772427268
.006336952416087914
.0050503811923745725
.007944284528059953
.006250315498169086
.004024721754446251
.007944284528059953
.0045912556294312274
.0064998691593213765
.007944284528059953
.007944284528059953
.004132130066487882
.0045912556294312274
.0045912556294312274
.0064998691593213765
.0045912556294312274
.007222076843690665
.00350989360828601
.0045912556294312274
.0024019081475622245
.0045912556294312274
.005849882243389017
.0029653187006946254
.0064998691593213765
.007222076843690665
.007944284528059953
.0050503811923745725
.0029653187006946254
.005268272751108123
.006377188912238981
.004132130066487882
.008848013772427268
.00326185057076431
.0045912556294312274
.006387598091904999
.00587989511795698
.0023083450304331086
.0045912556294312274
.0013393817719580233
.0029653187006946254
.006119714531081212
.00196043441517179
.0050503811923745725
.0050503811923745725
.007222076843690665
.0050503811923745725
.0045912556294312274
.004132130066487882
.005568150528073973
.0064998691593213765
.003464745297849397
.007222076843690665
.0045912556294312274
.007222076843690665
.007222076843690665
.0051089844811156235
.009852898057950104
.007222076843690665
.0033986590011562358
.00221263070576737
.004132130066487882
.0034371115401781835
.0045912556294312274
.003718917059838872
.0045912556294312274
.0029653187006946254
.0045912556294312274
.003898799816969934
.0045912556294312274
.0064998691593213765
.007222076843690665
.0045912556294312274
.005313455595653908
.0064998691593213765
.003826139915639694
.009732815149670216
.004132130066487882
.004112658068371815
.007222076843690665
.008848013772427268
.0045912556294312274
.0045912556294312274
.008848013772427268
.0064998691593213765
.0029653187006946254
.008848013772427268
.0045912556294312274
.003655457460236099
.0029653187006946254
.00196043441517179
.003586371343908392
.0045912556294312274
.005177730566773744
.005608456997496293
.007222076843690665
.0029653187006946254
.00196043441517179
.008848013772427268
.009732815149670216
.0029653187006946254
.0029653187006946254
.0029653187006946254
.008848013772427268
.007222076843690665
.007222076843690665
.0026441908602222015
.0045912556294312274
.003718917059838872
.009732815149670216
.007222076843690665
.007222076843690665
.004132130066487882
.007222076843690665
.0029653187006946254
.007222076843690665
.007222076843690665
.0026687868306249406
.0017643909736543887
.00196043441517179
.0050503811923745725
.003366695251808346
.0029653187006946254
.007222076843690665
.005934952456372842
.0029653187006946254
.007222076843690665
.0064998691593213765
.004000056901255387
.0045912556294312274
.007222076843690665
.007222076843690665
.007222076843690665
.004060227017864051
.0062364949374014685
.0029653187006946254
.007222076843690665
.008848013772427268
.0045912556294312274
.005104745114242731
.0045912556294312274
.00326185057076431
.0045912556294312274
.005264894019049894
.0064998691593213765
.007944284528059953
.0029653187006946254
.007222076843690665
.0037352717571189726
.007222076843690665
.008848013772427268
.0045912556294312274
.007222076843690665
.007944284528059953
.007222076843690665
.007944284528059953
.002344266057480859
.0045912556294312274
.004132130066487882
.007944284528059953
.007222076843690665
.0017643909736543887
.002156477856689191
.0045912556294312274
.0045912556294312274
.007222076843690665
.007222076843690665
.0045912556294312274
.005127921833442287
.0045912556294312274
.0045912556294312274
.0050503811923745725
.008848013772427268
.0029653187006946254
.0064998691593213765
.0045912556294312274
.0045912556294312274
.0064998691593213765
.007944284528059953
.0036673994639603623
.0045912556294312274
.007222076843690665
.007222076843690665
.00330479282934304
.007222076843690665
.0029653187006946254
.0026687868306249406
.007222076843690665
.005223712429592291
.005160894146889999
.00196043441517179
.0045912556294312274
.00326185057076431
.0022045919194559277
.0023982202839349233
.0064998691593213765
.007222076843690665
.007222076843690665
.008848013772427268
.0045912556294312274
.007222076843690665
.0045912556294312274
.004132130066487882
.008848013772427268
.005844724702786876
.005264894019049894
.004132130066487882
.0026417142049192923
.007222076843690665
.0029653187006946254
.004132130066487882
.00405307054029278
.005062081941497768
.007222076843690665
.007222076843690665
.0029653187006946254
.008848013772427268
.0045912556294312274
.007222076843690665
.0017643909736543887
.004132130066487882
.0045912556294312274
.0029653187006946254
.007222076843690665
.007222076843690665
.007222076843690665
.007222076843690665
.0045912556294312274
.00196043441517179
.008848013772427268
.007222076843690665
.00196043441517179
.003416327298034198
.008848013772427268
.008848013772427268
.0045912556294312274
.0045912556294312274
.005494237334567457
.00326185057076431
.006084739150358948
.005486964289884001
.008848013772427268
.0045912556294312274
.0045912556294312274
.008848013772427268
.008848013772427268
.0045912556294312274
.008848013772427268
.0045912556294312274
.007222076843690665
.0037900539587748068
.007222076843690665
.006233580745741629
.0050503811923745725
.007944284528059953
.003945814730920262
.0045912556294312274
.005835269236450745
.005107816556135719
.0036620544469358747
.008848013772427268
.0045912556294312274
.005639005700594127
.0045912556294312274
.0045912556294312274
.004132130066487882
.0029653187006946254
.009852898057950104
.007222076843690665
.0045912556294312274
.0036548099295679493
.005764811382149894
.007222076843690665
.007222076843690665
.0036298268983028965
.005298101969025835
.004088068633724648
.0050503811923745725
.0045912556294312274
.007222076843690665
.0029653187006946254
.0045912556294312274
.008848013772427268
.007222076843690665
.00326185057076431
.0045912556294312274
.0064998691593213765
.007222076843690665
.0029653187006946254
.007944284528059953
.0045912556294312274
.0029653187006946254
.008848013772427268
.007222076843690665
.0029653187006946254
.00228913233899591
.0029653187006946254
.0045912556294312274
.0045912556294312274
.007222076843690665
.0064998691593213765
.007944284528059953
.0063903868586878704
.0045912556294312274
.0045912556294312274
.0045912556294312274
.008848013772427268
.0045912556294312274
.0029653187006946254
.004132130066487882
.007222076843690665
.008848013772427268
.0026687868306249406
.0045912556294312274
.00326185057076431
.0045912556294312274
.0045912556294312274
.0029653187006946254
.004132130066487882
.008848013772427268
.0045912556294312274
.002613599235251318
.007222076843690665
.0029653187006946254
.003362780301290961
.005181889420895302
.0045912556294312274
.007222076843690665
.0029653187006946254
.0045912556294312274
.002605779001911843
.0045912556294312274
.007222076843690665
.0045912556294312274
.0045912556294312274
.0024019081475622245
.0045912556294312274
.0045912556294312274
.0026687868306249406
.007222076843690665
.003301718570204277
.006353383721006506
.007222076843690665
.0029653187006946254
.006104032166487675
.007222076843690665
.003980830518942584
