72.22164841184178
61.20367340262339
34.542777309928795
48.81430719292443
89.77524606891288
14.99216028137406
145.007714827897
31.088499578935917
89.77524606891288
55.63970309329399
89.77524606891288
159.5084863106867
76.42650942372616
89.77524606891288
21.5041601176751
159.5084863106867
145.007714827897
45.91129362377939
89.77524606891288
55.63970309329399
50.07573278396459
13.445851526563592
145.007714827897
27.979649621042324
130.5069433451073
159.5084863106867
34.542777309928795
89.77524606891288
55.63970309329399
89.77524606891288
34.542777309928795
40.87328751954063
89.77524606891288
130.5069433451073
145.007714827897
89.77524606891288
17.789026042733596
61.20367340262339
89.77524606891288
105.71062410953691
72.71794931581942
145.007714827897
55.63970309329399
34.542777309928795
145.007714827897
34.542777309928795
55.63970309329399
145.007714827897
47.9309602941855
31.088499578935917
13.445851526563592
8.282398708793425
100.70343453682943
50.07573278396459
145.007714827897
129.29278106566426
145.007714827897
12.866700790125881
127.72202874455775
13.445851526563592
89.77524606891288
49.91927826624712
23.65457612944261
61.20367340262339
145.007714827897
37.99705504092167
34.542777309928795
21.5041601176751
145.007714827897
44.77173348650422
63.30575801068521
30.65168301832206
89.77524606891288
89.77524606891288
130.5069433451073
126.93185745712496
145.007714827897
72.71794931581942
145.007714827897
89.77524606891288
61.20367340262339
89.77524606891288
89.77524606891288
37.99705504092167
145.007714827897
145.007714827897
145.007714827897
55.63970309329399
89.77524606891288
55.63970309329399
105.71062410953691
49.335655074268296
55.63970309329399
98.75277067580417
13.445851526563592
27.979649621042324
89.77524606891288
31.088499578935917
145.007714827897
89.77524606891288
68.48952401367376
49.9227905355142
55.63970309329399
55.63970309329399
145.007714827897
145.007714827897
55.63970309329399
31.088499578935917
145.007714827897
76.73662887665918
46.15336102869237
71.82708796909489
145.007714827897
120.3338648896102
111.54622408290784
34.542777309928795
55.63970309329399
98.75277067580417
24.49179580835214
34.542777309928795
145.007714827897
145.007714827897
110.87217185227809
89.77524606891288
55.63970309329399
102.95944833533393
30.01712479182738
29.055012692140537
55.63970309329399
38.235215450120336
21.5041601176751
89.77524606891288
21.5041601176751
80.79772146202158
159.5084863106867
5.387542935452086
110.87217185227809
103.77485721112458
120.97098393580498
159.5084863106867
145.007714827897
99.7662033656137
34.542777309928795
79.43758766505906
80.79772146202158
55.63970309329399
37.99705504092167
50.07573278396459
55.63970309329399
89.77524606891288
98.75277067580417
89.77524606891288
50.07573278396459
130.5069433451073
80.79772146202158
34.542777309928795
75.32916789102332
44.73594694537576
61.20367340262339
61.20367340262339
13.445851526563592
66.60663287671815
179.1432578035159
27.979649621042324
14.790436679219951
179.1432578035159
31.088499578935917
145.007714827897
55.63970309329399
55.63970309329399
66.13390530255026
145.007714827897
69.001370829445
50.07573278396459
55.63970309329399
34.542777309928795
14.790436679219951
89.77524606891288
73.9443847234171
21.5041601176751
89.77524606891288
8.199007383239366
61.20367340262339
159.5084863106867
145.007714827897
34.542777309928795
89.77524606891288
89.77524606891288
35.11465477243412
55.63970309329399
46.60273017774591
21.5041601176751
89.77524606891288
145.007714827897
48.73001986194101
46.58645894513153
21.5041601176751
145.007714827897
11.416604064786217
42.60108590104029
145.007714827897
16.21767487322356
55.63970309329399
145.007714827897
37.99705504092167
89.77524606891288
98.75277067580417
98.75277067580417
42.60108590104029
21.5041601176751
8.465542925421403
130.5069433451073
68.67832028554768
34.542777309928795
7.969396885907857
9.676069780509138
34.542777309928795
89.77524606891288
55.63970309329399
63.91173320151442
130.5069433451073
5.387542935452086
145.007714827897
50.07573278396459
130.5069433451073
37.99705504092167
24.846333065296488
55.63970309329399
55.63970309329399
61.20367340262339
145.007714827897
65.3934760866814
145.007714827897
55.63970309329399
61.20367340262339
89.77524606891288
21.5041601176751
25.813001208792674
80.79772146202158
21.5041601176751
145.007714827897
34.542777309928795
38.95436193588898
55.63970309329399
48.00528823816713
63.565347054074785
179.1432578035159
89.77524606891288
61.20367340262339
145.007714827897
18.782959288245518
55.63970309329399
89.77524606891288
89.77524606891288
12.101266373907233
34.542777309928795
40.56134355501132
14.790436679219951
145.007714827897
55.63970309329399
89.77524606891288
74.90477032769044
19.346457876639413
145.007714827897
46.772600128941335
89.77524606891288
34.542777309928795
7.305272540171434
89.77524606891288
145.007714827897
89.77524606891288
145.007714827897
145.007714827897
49.98228012243342
98.75277067580417
34.542777309928795
145.007714827897
34.542777309928795
42.60108590104029
72.71794931581942
145.007714827897
89.77524606891288
89.77524606891288
14.790436679219951
145.007714827897
119.72047930630026
119.25816116989643
200.2401835868811
55.63970309329399
145.007714827897
55.63970309329399
26.907495421616364
89.77524606891288
145.007714827897
7.69409929434823
19.353744105907587
105.71062410953691
179.1432578035159
61.20367340262339
89.77524606891288
55.63970309329399
34.542777309928795
13.445851526563592
40.56134355501132
23.65457612944261
34.542777309928795
42.51062343493627
80.79772146202158
55.63970309329399
19.353744105907587
13.445851526563592
115.15416066553883
34.542777309928795
145.007714827897
11.850213994278285
34.542777309928795
30.018432448359103
74.60648341336238
179.1432578035159
30.844130224800328
145.007714827897
34.542777309928795
89.77524606891288
89.77524606891288
89.77524606891288
55.63970309329399
55.63970309329399
19.353744105907587
55.63970309329399
89.77524606891288
179.1432578035159
26.48446871881729
179.1432578035159
43.72785118236457
89.77524606891288
98.75277067580417
31.088499578935917
37.99705504092167
89.77524606891288
55.63970309329399
34.542777309928795
61.20367340262339
89.77524606891288
49.907751411490246
15.177988937992112
89.77524606891288
111.35816021573685
68.67832028554768
45.00428117090953
89.77524606891288
21.5041601176751
159.5084863106867
37.99705504092167
55.63970309329399
89.77524606891288
8.465542925421403
21.5041601176751
55.63970309329399
47.41687743421654
145.007714827897
55.63970309329399
44.73594694537576
89.77524606891288
55.63970309329399
89.77524606891288
89.77524606891288
34.542777309928795
145.007714827897
17.418369695316827
22.137984165531307
129.2027823504503
55.63970309329399
89.77524606891288
145.007714827897
34.542777309928795
89.77524606891288
145.007714827897
46.33939230845452
31.088499578935917
179.1432578035159
55.63970309329399
67.2322161505349
179.1432578035159
28.507089891796554
127.82982220418565
89.77524606891288
55.63970309329399
73.09632904396494
34.542777309928795
179.1432578035159
78.22612586398184
61.20367340262339
42.60108590104029
18.138348474753464
98.75277067580417
55.63970309329399
98.75277067580417
179.1432578035159
13.061432489098099
55.63970309329399
27.979649621042324
34.542777309928795
121.9593890375059
145.007714827897
89.77524606891288
89.77524606891288
89.77524606891288
159.5084863106867
34.542777309928795
61.20367340262339
145.007714827897
98.75277067580417
8.860236122850193
34.542777309928795
78.2838760364981
89.77524606891288
34.542777309928795
159.5084863106867
89.77524606891288
21.5041601176751
55.63970309329399
125.65424967980547
130.5069433451073
145.007714827897
55.63970309329399
34.542777309928795
42.434361306640625
55.63970309329399
68.67832028554768
34.542777309928795
159.5084863106867
179.1432578035159
159.5084863106867
89.77524606891288
34.542777309928795
179.1432578035159
145.007714827897
145.007714827897
34.542777309928795
13.445851526563592
126.40657599040165
34.542777309928795
50.07573278396459
47.2734233999021
159.5084863106867
31.088499578935917
31.088499578935917
89.77524606891288
50.07573278396459
130.5069433451073
55.63970309329399
68.7371143364382
55.63970309329399
179.1432578035159
34.542777309928795
145.007714827897
34.542777309928795
67.96546098284345
89.77524606891288
39.93479687354525
145.007714827897
98.75277067580417
31.088499578935917
67.30719568332742
19.353744105907587
50.92654153151027
55.63970309329399
145.007714827897
37.99705504092167
120.36824573308584
179.1432578035159
145.007714827897
145.007714827897
55.63970309329399
46.66290630278968
145.007714827897
34.542777309928795
24.505742254935843
44.373344055171074
55.63970309329399
159.5084863106867
89.77524606891288
98.75277067580417
68.62829567939283
145.007714827897
89.77524606891288
40.34175466114224
34.542777309928795
50.07573278396459
117.45624901059657
89.77524606891288
74.81505945584158
55.63970309329399
89.77524606891288
130.5069433451073
89.77524606891288
34.542777309928795
61.20367340262339
34.542777309928795
98.75277067580417
71.24947287748019
72.71794931581942
179.1432578035159
145.007714827897
89.77524606891288
34.542777309928795
17.418369695316827
49.20954163991333
31.496293490629238
80.79772146202158
98.75277067580417
145.007714827897
89.77524606891288
98.75277067580417
145.007714827897
55.63970309329399
18.700119728890048
8.465542925421403
119.96582128052034
145.007714827897
48.41707615739604
145.007714827897
27.69824513730196
55.63970309329399
55.63970309329399
79.4570193604044
145.007714827897
21.5041601176751
55.63970309329399
55.63970309329399
34.542777309928795
179.1432578035159
145.007714827897
61.20367340262339
145.007714827897
179.1432578035159
70.37216974062582
80.79772146202158
55.63970309329399
159.5084863106867
89.77524606891288
108.50125924025141
80.79772146202158
34.542777309928795
65.44615438423749
89.77524606891288
145.007714827897
89.77524606891288
8.859457484398765
121.09069921145498
50.07573278396459
145.007714827897
55.63970309329399
61.20367340262339
21.5041601176751
55.63970309329399
34.542777309928795
34.542777309928795
130.5069433451073
145.007714827897
55.63970309329399
27.17758195582343
117.45624901059657
24.30989882945053
145.007714827897
34.542777309928795
145.007714827897
55.63970309329399
89.77524606891288
34.542777309928795
77.16845305368622
145.007714827897
55.63970309329399
145.007714827897
48.813892848216454
89.77524606891288
75.49015303424557
80.79772146202158
68.29710283801157
34.542777309928795
45.769891707804376
89.77524606891288
55.63970309329399
21.5041601176751
89.77524606891288
61.33986350861367
89.77524606891288
145.007714827897
145.007714827897
112.2250985715631
89.77524606891288
61.20367340262339
145.007714827897
45.06815950556813
159.5084863106867
179.1432578035159
31.088499578935917
55.63970309329399
34.542777309928795
55.63970309329399
145.007714827897
130.5069433451073
80.79772146202158
20.39958339233312
78.33121525380338
35.08218442246682
34.542777309928795
29.07939011310708
74.94590853977226
145.007714827897
34.542777309928795
145.007714827897
98.75277067580417
77.78918326237385
145.007714827897
55.63970309329399
62.70585126555851
130.5069433451073
55.63970309329399
61.20367340262339
43.27742666402248
55.63970309329399
47.83122473184807
179.1432578035159
55.63970309329399
72.71794931581942
18.8486246959581
80.79772146202158
31.088499578935917
55.63970309329399
77.4619307934539
89.77524606891288
29.13113870626659
117.45624901059657
55.63970309329399
13.445851526563592
89.77524606891288
34.542777309928795
89.77524606891288
34.542777309928795
89.77524606891288
179.1432578035159
80.79772146202158
34.542777309928795
34.542777309928795
145.007714827897
47.241815712803124
128.70069527814834
15.871647532315075
55.63970309329399
89.77524606891288
49.892733398104724
98.75277067580417
145.007714827897
55.63970309329399
34.542777309928795
15.897216950616286
89.77524606891288
113.79401154589948
34.542777309928795
76.53647232435435
115.3352785719326
55.63970309329399
76.84805629265989
89.77524606891288
16.948432223624796
13.445851526563592
89.77524606891288
145.007714827897
26.27074437867078
89.77524606891288
130.5069433451073
24.64894757002193
50.07573278396459
130.5069433451073
130.5069433451073
179.1432578035159
55.63970309329399
43.81711251354584
145.007714827897
30.04263257557983
179.1432578035159
68.67832028554768
179.1432578035159
89.77524606891288
34.542777309928795
124.23452780753053
89.77524606891288
145.007714827897
34.542777309928795
89.77524606891288
145.007714827897
89.77524606891288
100.24154973305394
130.5069433451073
113.57953969676157
25.95562473769454
31.088499578935917
37.99705504092167
63.67849845048907
145.007714827897
89.77524606891288
61.20367340262339
179.1432578035159
34.542777309928795
145.007714827897
89.77524606891288
55.63970309329399
50.07573278396459
145.007714827897
34.542777309928795
61.20367340262339
89.77524606891288
179.1432578035159
61.20367340262339
89.77524606891288
74.32314069089011
89.77524606891288
18.645651081398064
122.24021369113287
145.007714827897
179.1432578035159
116.42058719417544
65.25761878867456
31.088499578935917
30.929936101154055
145.007714827897
106.51503196456252
41.276266181921706
145.007714827897
145.007714827897
34.542777309928795
11.244164135460688
34.542777309928795
34.542777309928795
40.56134355501132
39.575132566453
17.929122086130953
89.77524606891288
42.60108590104029
34.542777309928795
34.542777309928795
179.1432578035159
13.445851526563592
31.088499578935917
89.77524606891288
89.77524606891288
68.82007394155481
145.007714827897
37.99705504092167
31.003608345462798
21.5041601176751
74.52550502295843
89.77524606891288
34.542777309928795
130.5069433451073
145.007714827897
179.1432578035159
34.542777309928795
159.5084863106867
80.79772146202158
37.99705504092167
145.007714827897
89.77524606891288
145.007714827897
80.66528911247666
145.007714827897
47.83722610216924
159.5084863106867
159.5084863106867
102.9153557921128
21.5041601176751
8.587232325807854
55.63970309329399
145.007714827897
50.56899434478826
21.5041601176751
55.63970309329399
17.910189884003156
68.94401554023304
21.5041601176751
55.63970309329399
73.99705736226693
78.3222463580065
89.77524606891288
89.77524606891288
55.63970309329399
55.63970309329399
145.007714827897
89.77524606891288
145.007714827897
42.60108590104029
55.63970309329399
145.007714827897
8.465542925421403
50.07573278396459
26.148736295644404
55.63970309329399
89.77524606891288
76.0486161362053
34.542777309928795
34.542777309928795
130.5069433451073
126.75700662090445
89.77524606891288
55.63970309329399
110.87217185227809
89.77524606891288
55.63970309329399
49.735967860267415
34.542777309928795
74.1257853749045
145.007714827897
49.19608137710705
89.77524606891288
89.77524606891288
55.63970309329399
145.007714827897
80.79772146202158
76.94697375070271
145.007714827897
117.45624901059657
179.1432578035159
34.542777309928795
21.5041601176751
34.542777309928795
116.42058719417544
34.542777309928795
17.431797432895316
8.465542925421403
34.542777309928795
80.79772146202158
145.007714827897
24.145444413772264
89.77524606891288
34.542777309928795
99.46704339098575
34.542777309928795
129.2734781410167
55.63970309329399
12.023676560121622
34.542777309928795
98.75277067580417
63.99946249267133
159.5084863106867
30.641513977080216
145.007714827897
8.504467000673984
55.63970309329399
145.007714827897
50.07573278396459
145.007714827897
66.33325663760884
72.19092884949637
13.445851526563592
130.5069433451073
25.3787179435097
55.63970309329399
40.56134355501132
68.67832028554768
197.05758358386748
80.79772146202158
21.5041601176751
68.67832028554768
21.5041601176751
89.77524606891288
19.02338738816791
46.877053188395365
102.23068190357994
68.88030797124821
42.366034526012015
98.75277067580417
55.63970309329399
55.63970309329399
74.41748210489708
55.63970309329399
89.77524606891288
89.77524606891288
34.542777309928795
19.012771470675798
55.63970309329399
16.269480347141947
21.28309928811307
34.542777309928795
130.5069433451073
55.63970309329399
89.77524606891288
80.79772146202158
76.6693447992583
145.007714827897
89.77524606891288
145.007714827897
21.5041601176751
80.79772146202158
55.63970309329399
13.445851526563592
13.445851526563592
55.63970309329399
34.542777309928795
34.542777309928795
145.007714827897
74.50223608041105
21.5041601176751
122.84307719284581
89.77524606891288
76.42400810317106
34.542777309928795
78.20968886379686
89.77524606891288
34.542777309928795
34.542777309928795
34.542777309928795
31.088499578935917
50.07573278396459
145.007714827897
55.63970309329399
61.20367340262339
89.77524606891288
89.77524606891288
27.29176547307787
130.07045005321996
145.007714827897
50.07573278396459
145.007714827897
19.353744105907587
61.20367340262339
89.77524606891288
13.445851526563592
145.007714827897
50.07573278396459
55.63970309329399
48.400774172606475
50.07573278396459
21.5041601176751
8.434779818080962
67.16530406391722
77.74648767777346
89.77524606891288
55.63970309329399
98.75277067580417
37.99705504092167
159.5084863106867
46.41828817490105
145.007714827897
21.5041601176751
7.2470729889831835
33.519393012122016
179.1432578035159
50.07573278396459
110.87217185227809
55.63970309329399
89.77524606891288
89.77524606891288
61.20367340262339
89.77524606891288
145.007714827897
21.5041601176751
55.63970309329399
45.973064628278905
130.4942162743138
61.20367340262339
11.292111707893016
20.754857649593042
34.542777309928795
61.20367340262339
80.79772146202158
179.1432578035159
50.07573278396459
34.542777309928795
179.1432578035159
55.63970309329399
145.007714827897
34.542777309928795
23.07230569823315
130.5069433451073
15.722311407072514
89.77524606891288
55.63970309329399
179.1432578035159
55.63970309329399
55.63970309329399
130.5069433451073
34.542777309928795
28.971850921320602
55.63970309329399
55.63970309329399
12.14022899529202
145.007714827897
12.411427429546416
27.979649621042324
34.542777309928795
130.5069433451073
55.63970309329399
43.71306280453855
102.3955297089299
55.63970309329399
6.082465947264207
89.77524606891288
6.6616016210354765
61.20367340262339
